CALSPHERE 1             
1 00900U 64063C   22275.16944539  .00000625  00000+0  65573-3 0  9998
2 00900  90.1810  42.8697 0028217  64.3479  54.9399 13.73906039885314
CALSPHERE 2             
1 00902U 64063E   22274.90946312  .00000079  00000+0  10627-3 0  9995
2 00902  90.1945  46.0143 0017952 192.8614 297.1217 13.52723087673164
LCS 1                   
1 01361U 65034C   22274.85189021  .00000008  00000+0 -46667-4 0  9991
2 01361  32.1378 152.6675 0012549 254.7425 105.1684  9.89302146 75761
TEMPSAT 1               
1 01512U 65065E   22274.86497917  .00000073  00000+0  12544-3 0  9997
2 01512  89.9214 217.7888 0071953  91.5625 323.6447 13.33456292779558
CALSPHERE 4A            
1 01520U 65065H   22274.84816549  .00000103  00000+0  18192-3 0  9999
2 01520  89.9839 130.0811 0068502 324.8646  47.9771 13.35906569781866
OPS 5712 (P/L 160)      
1 02826U 67053A   22275.19331720  .00003727  00000+0  95587-3 0  9998
2 02826  69.9299  38.6038 0006654 227.2387 132.8188 14.51030267868714
LES-5                   
1 02866U 67066E   22275.05492236 -.00000069  00000+0  00000+0 0  9990
2 02866   1.1148 234.1211 0053977  48.0440 125.2201  1.09425329116202
SURCAL 159              
1 02872U 67053F   22274.81815614  .00000092  00000+0  10104-3 0  9990
2 02872  69.9765  35.6031 0003876  72.4191 287.7339 13.98931543820745
OPS 5712 (P/L 153)      
1 02874U 67053H   22274.86858830  .00000015  00000+0  49445-4 0  9990
2 02874  69.9729 137.2094 0006509 176.9457 183.1690 13.96418662817684
SURCAL 150B             
1 02909U 67053J   22274.81233047  .00006681  00000+0  12634-2 0  9994
2 02909  69.9492  23.6796 0005887 257.5842 102.4641 14.64764722879189
RIGIDSPHERE 2 (LCS 4)   
1 05398U 71067E   22274.80475307  .00000612  00000+0  20659-3 0  9990
2 05398  87.6285 353.6701 0064233  36.3866 324.1671 14.34330845679504
OSCAR 7 (AO-7)          
1 07530U 74089B   22274.79599510 -.00000028  00000+0  11067-3 0  9993
2 07530 101.9176 255.0452 0011992 196.9487 234.6900 12.53657285190795
STARLETTE               
1 07646U 75010A   22275.17707386 -.00000146  00000+0 -39521-5 0  9990
2 07646  49.8259  48.9715 0205743 270.1449  87.5870 13.82313534407227
LAGEOS 1                
1 08820U 76039A   22275.11106583  .00000035  00000+0  00000+0 0  9992
2 08820 109.8520  75.5253 0045143 232.0941 312.4524  6.38664838827077
PHASE 3B (AO-10)        
1 14129U 83058B   22274.62700196  .00000048  00000+0  00000+0 0  9999
2 14129  26.5613  78.8324 6025163 111.2102 320.9580  2.05869384267596
UOSAT 2 (UO-11)         
1 14781U 84021B   22275.20630050  .00001320  00000+0  16519-3 0  9990
2 14781  97.6285 257.8389 0007779 341.7103  18.3830 14.83833398 76872
AJISAI (EGS)            
1 16908U 86061A   22275.22509161 -.00000085  00000+0  87259-4 0  9997
2 16908  50.0120 350.7312 0011225 334.3043  66.2632 12.44497188312140
TDRS 3                  
1 19548U 88091B   22275.08035478 -.00000299  00000+0  00000+0 0  9995
2 19548  13.6391 350.4792 0035134 326.5278  33.9146  1.00272528111793
COSMOS 1989 (ETALON 1)  
1 19751U 89001C   22274.83995241  .00000054  00000+0  00000+0 0  9996
2 19751  64.3288 118.7260 0023837 213.4060 158.8383  2.13156229262502
COSMOS 2024 (ETALON 2)  
1 20026U 89039C   22274.52216137 -.00000065  00000+0  00000+0 0  9993
2 20026  65.5259 356.7918 0018614 218.6054 197.2877  2.13204205259623
FLTSATCOM 8 (USA 46)    
1 20253U 89077A   22274.86794443 -.00000079  00000+0  00000+0 0  9990
2 20253  12.8290 359.5064 0006701 149.3252 246.1217  1.00272087247023
LUSAT (LO-19)           
1 20442U 90005G   22275.20436379  .00000181  00000+0  82686-4 0  9991
2 20442  98.8073 241.7605 0011068 211.0731 148.9799 14.33090419708450
HST                     
1 20580U 90037B   22275.03925275  .00003743  00000+0  20804-3 0  9998
2 20580  28.4690 182.3599 0002696 104.6408 275.2524 15.10950725582613
SKYNET 4C               
1 20776U 90079A   22274.84286646  .00000126  00000+0  00000+0 0  9995
2 20776  13.7757 359.2486 0002972 191.5784 156.5593  1.00272727117355
TDRS 5                  
1 21639U 91054B   22274.66859056  .00000085  00000+0  00000+0 0  9993
2 21639  14.2307   3.8077 0022108   1.9470  77.6350  1.00272301114133
GEOTAIL                 
1 22049U 92044A   22275.02149947 -.00000887  00000+0  00000+0 0  9992
2 22049  46.5870  35.7748 4873264 204.8707 358.4447  0.19232582 13174
LAGEOS 2                
1 22195U 92070B   22274.84610580 -.00000009  00000+0  00000+0 0  9994
2 22195  52.6739  42.5503 0138373 315.3392  58.7588  6.47293542707741
TDRS 6                  
1 22314U 93003B   22274.67934520 -.00000294  00000+0  00000+0 0  9994
2 22314  14.1386   7.0619 0010419 135.8137  66.2600  1.00275108108826
SCD 1                   
1 22490U 93009B   22274.76181510  .00000470  00000+0  79955-4 0  9993
2 22490  24.9699 281.0003 0042710 218.2298 317.0072 14.44723501564947
UFO 2 (USA 95)          
1 22787U 93056A   22274.87271567  .00000125  00000+0  00000+0 0  9995
2 22787  11.4925  10.5686 0004729 191.4702 151.4183  1.00273327104960
STELLA                  
1 22824U 93061B   22274.88608854 -.00000040  00000+0  28282-5 0  9992
2 22824  98.9599 298.4730 0006000 198.7008 263.6308 14.27393377511563
EYESAT A (AO-27)        
1 22825U 93061C   22274.85472042  .00000088  00000+0  51878-4 0  9995
2 22825  98.8789 308.1014 0009523 100.8426 259.3828 14.30194688513366
ITAMSAT (IO-26)         
1 22826U 93061D   22274.85212390  .00000110  00000+0  59822-4 0  9997
2 22826  98.8735 307.9717 0010068  88.7845 271.4490 14.30543558513623
USA 99 (MILSTAR-1 1)    
1 22988U 94009A   22274.81824189 -.00000195  00000+0  00000+0 0  9993
2 22988  15.5177  41.9841 0003220 166.1719   6.9500  1.00270250 19380
USA 107 (DSP 17)        
1 23435U 94084A   22274.30344944 -.00000165  00000+0  00000+0 0  9991
2 23435  14.5807   4.9034 0001530 164.4541 213.4342  1.00274145 19371
RADIO ROSTO (RS-15)     
1 23439U 94085A   22274.91373332 -.00000039  00000+0  10000-3 0  9991
2 23439  64.8207 333.4280 0168000 254.3501 103.8831 11.27572505143498
UFO 4 (USA 108)         
1 23467U 95003A   22274.58349851 -.00000022  00000+0  00000+0 0  9992
2 23467   9.8331  17.4728 0005246 146.8051 228.3941  1.00272488101372
AMSC 1                  
1 23553U 95019A   22274.45580472 -.00000092  00000+0  00000+0 0  9994
2 23553  12.0441  25.5025 0004979 169.2703 232.0111  1.00272722100596
TDRS 7                  
1 23613U 95035B   22274.87724046 -.00000202  00000+0  00000+0 0  9995
2 23613  13.9380 357.7575 0025178  59.1831 354.2668  1.00275524 99570
USA 113                 
1 23628U 95038A   22274.65838635 -.00000337  00000+0  00000+0 0  9999
2 23628  12.1687  24.3062 0001355 155.8055 170.9411  1.00267696 19389
USA 115 (MILSTAR-1 2)   
1 23712U 95060A   22274.41855512 -.00000018  00000+0  00000+0 0  9991
2 23712  13.5666  13.5023 0002645 178.3755 208.9298  1.00271254 19304
POLAR                   
1 23802U 96013A   22271.22361891  .00000267  00000+0  00000+0 0  9993
2 23802  78.7965 240.5999 5787053 255.3607  36.8883  1.29847317127222
INMARSAT 3-F1           
1 23839U 96020A   22274.61320785  .00000096  00000+0  00000+0 0  9994
2 23839   7.7560  57.4083 0007661 115.0899 256.3518  0.99995968 96719
JAS-2 (FO-29)           
1 24278U 96046B   22274.76301456  .00000003  00000+0  39482-4 0  9999
2 24278  98.5156 283.8194 0350428   7.6208 353.0067 13.53120644289988
INMARSAT 3-F2           
1 24307U 96053A   22274.86433264 -.00000080  00000+0  00000+0 0  9999
2 24307   6.7549  66.1513 0006571  86.5619 249.4055  0.99976748 95377
AMC-1 (GE-1)            
1 24315U 96054A   22274.65303372  .00000064  00000+0  00000+0 0  9993
2 24315   5.8661  72.2232 0003189 107.3124 295.0408  1.00270302 32749
INMARSAT 3-F3           
1 24674U 96070A   22274.75728883 -.00000268  00000+0  00000+0 0  9995
2 24674   7.3599  60.9879 0006647 119.6417  66.9055  1.00000496 94362
GALAXY 25 (G-25)        
1 24812U 97026A   22274.86012157 -.00000006  00000+0  00000+0 0  9993
2 24812   3.9508  82.5584 0002878 134.4783 169.2910  1.00271972 92795
NAVSTAR 43 (USA 132)    
1 24876U 97035A   22274.56012435  .00000019  00000+0  00000+0 0  9992
2 24876  55.5218 151.5341 0063222  52.6178 308.0427  2.00563153184786
INTELSAT 5 (IS-5)       
1 24916U 97046A   22274.72572229 -.00000063  00000+0  00000+0 0  9999
2 24916   7.4515  60.2962 0004951 149.7363 227.8174  1.00272293 92045
FORTE                   
1 24920U 97047A   22275.17825499  .00000239  00000+0  12248-3 0  9990
2 24920  69.9547 188.9479 0024730 317.1031  42.8161 14.26577269305758
AMC-3 (GE-3)            
1 24936U 97050A   22274.82181709 -.00000262  00000+0  00000+0 0  9997
2 24936   4.8000  78.4544 0002927 120.9336  35.0061  1.00270340 38850
USA 134                 
1 25019U 97065A   22274.45420306 -.00000061  00000+0  00000+0 0  9991
2 25019  11.1746  30.8167 0001198  75.8173 314.9450  1.00273678 19374
NAVSTAR 44 (USA 135)    
1 25030U 97067A   22274.51862144  .00000034  00000+0  00000+0 0  9992
2 25030  55.6787 219.0199 0020317 249.3828 290.2166  1.88437772181160
ASTRA 1G                
1 25071U 97076A   22274.72730434  .00000114  00000+0  00000+0 0  9995
2 25071   6.4835  67.4470 0003231 116.4939 107.7338  1.00271132 90929
ORBCOMM FM08            
1 25112U 97084A   22274.75896907  .00001281  00000+0  44905-3 0  9993
2 25112  45.0166  51.1379 0007654 288.6804  71.3214 14.39840662298694
ORBCOMM FM10            
1 25113U 97084B   22274.81583078  .00001212  00000+0  42770-3 0  9995
2 25113  45.0178  52.4465 0005884 258.6641 101.3547 14.39826989473680
ORBCOMM FM11            
1 25114U 97084C   22274.79019619  .00001145  00000+0  40720-3 0  9996
2 25114  45.0165  52.2198 0006688 260.3920  99.6174 14.39739776298655
ORBCOMM FM12            
1 25115U 97084D   22274.81930855  .00001194  00000+0  42246-3 0  9993
2 25115  45.0171  51.7372 0005565 259.3906 100.6316 14.39762503298459
ORBCOMM FM09            
1 25116U 97084E   22274.82123635  .00001265  00000+0  44509-3 0  9998
2 25116  45.0178  52.2964 0006970 248.2592 111.7515 14.39748681298667
ORBCOMM FM05            
1 25117U 97084F   22274.75518780  .00001305  00000+0  45580-3 0  9995
2 25117  45.0176  52.3686 0003060 263.5788  96.4713 14.39978544297742
ORBCOMM FM06            
1 25118U 97084G   22274.78117385  .00001320  00000+0  46175-3 0  9993
2 25118  45.0170  52.1152 0002098 264.5938 237.9093 14.39834017298662
ORBCOMM FM07            
1 25119U 97084H   22274.79482589  .00001256  00000+0  44168-3 0  9994
2 25119  45.0164  52.3978 0003872 256.8845 103.1572 14.39815501298669
INMARSAT 3-F5           
1 25153U 98006B   22274.82542639 -.00000290  00000+0  00000+0 0  9995
2 25153   6.6327  65.0371 0004736 127.6299  61.0888  1.00271515 90316
ORBCOMM FM04            
1 25159U 98007C   22274.94889716  .00000821  00000+0  36160-3 0  9994
2 25159 107.9895 273.0482 0043308 172.3299 187.8509 14.30468004282695
CELESTIS-02 & TAURUS R/B
1 25160U 98007D   22275.22045965  .00000010  00000+0  62162-4 0  9990
2 25160 107.9892 121.7606 0064371 287.0916 171.6850 14.21648617278251
UFO 8 (USA 138)         
1 25258U 98016A   22274.59308227  .00000053  00000+0  00000+0 0  9995
2 25258   9.5403  29.4466 0002182 137.2322 239.2079  1.00309391 90275
NOAA 15                 
1 25338U 98030A   22275.13061681  .00000140  00000+0  76530-4 0  9994
2 25338  98.6372 303.2369 0010095 352.8819   7.2216 14.26176003268470
TECHSAT 1B (GO-32)      
1 25397U 98043D   22274.82647396  .00000104  00000+0  65201-4 0  9994
2 25397  98.8285 225.6244 0001896 127.1199 233.0153 14.23773783258565
ORBCOMM FM18            
1 25414U 98046B   22274.73782407  .00000970  00000+0  39685-3 0  9997
2 25414  44.9944 169.5998 0005147 359.9967   0.0879 14.33660073262056
ORBCOMM FM19            
1 25415U 98046C   22275.17628111  .00000927  00000+0  38222-3 0  9996
2 25415  44.9951 168.3880 0003992 353.9959 170.4841 14.33593863262281
ORBCOMM FM20            
1 25416U 98046D   22275.10390419  .00000634  00000+0  27780-3 0  9999
2 25416  44.9950 169.1674 0001257 340.6429  19.4370 14.33509709262227
ORBCOMM FM15            
1 25418U 98046F   22274.77655152  .00000930  00000+0  38231-3 0  9993
2 25418  44.9980 172.2289 0004294  15.0451  27.3052 14.33686735262052
ORBCOMM FM14            
1 25419U 98046G   22274.77039020  .00001048  00000+0  42416-3 0  9995
2 25419  44.9974 171.8400 0003232   1.7013  39.3881 14.33734236262001
ORBCOMM FM13            
1 25420U 98046H   22275.09560813  .00000790  00000+0  33410-3 0  9999
2 25420  44.9983 172.9301 0005516   2.5784 357.5090 14.33448219262275
ASTRA 2A                
1 25462U 98050A   22274.75955191  .00000067  00000+0  00000+0 0  9991
2 25462   3.6640  84.3951 0002994 112.5279 144.2147  1.00269423 32758
ORBCOMM FM21            
1 25475U 98053A   22274.77285788  .00000899  00000+0  37296-3 0  9992
2 25475  45.0088 258.3064 0002451 298.5554  61.5046 14.33486190255113
ORBCOMM FM23            
1 25477U 98053C   22274.79001798  .00000913  00000+0  37850-3 0  9996
2 25477  45.0090 260.5272 0003537 301.4149  58.6351 14.33395666255263
ORBCOMM FM27            
1 25481U 98053G   22275.09532383  .00000873  00000+0  36341-3 0  9993
2 25481  45.0063 257.4568 0001532 290.7215  69.3467 14.33519181255591
SCD 2                   
1 25504U 98060A   22274.64759118  .00000429  00000+0  70924-4 0  9997
2 25504  24.9947 137.0535 0017045 223.1055 173.5519 14.44235949264213
ISS (ZARYA)             
1 25544U 98067A   22275.23091245  .00058352  00000+0  10342-2 0  9998
2 25544  51.6417 166.2459 0003022 250.0408 254.8118 15.49684437361780
