HST                     
1 20580U 90037B   22296.72265172  .00003001  00000+0  16393-3 0  9995
2 20580  28.4710  38.5770 0002415 350.9004 134.9130 15.11107815585630
EWS-G1 (GOES 13)        
1 29155U 06018A   22296.80100111  .00000049  00000+0  00000+0 0  9991
2 29155   0.8990  94.7219 0006546 128.5732 158.7043  1.00270315 30012
ISS (ZARYA)             
1 25544U 98067A   22297.05949074  .00009643  00000+0  17875-3 0  9992
2 25544  51.6438  58.1318 0005298  11.0427 322.6886 15.49668032365164
NAVSTAR 43 (USA 132)
1 24876U 97035A   22295.99910255  .00000088  00000+0  00000+0 0  9995
2 24876  55.5258 150.6971 0064085  52.9869 307.7014  2.00563424185215
NAVSTAR 44 (USA 135)
1 25030U 97067A   22296.80466352  .00000008  00000+0  00000+0 0  9990
2 25030  55.6730 218.2695 0019818 249.4468 288.9138  1.88437861181583
NAVSTAR 46 (USA 145)
1 25933U 99055A   22296.82417111 -.00000070  00000+0  00000+0 0  9992
2 25933  52.3681 353.1424 0139660 135.6519  26.2286  2.00554103168850
NAVSTAR 47 (USA 150)
1 26360U 00025A   22296.35341639 -.00000003  00000+0  00000+0 0  9991
2 26360  54.1661  73.5892 0047938 187.3444 160.0393  2.00563403164532
NAVSTAR 49 (USA 154)
1 26605U 00071A   22296.44371605  .00000092  00000+0  00000+0 0  9997
2 26605  55.1120 147.6174 0136908 254.5585 282.4400  2.00554606160786
NAVSTAR 50 (USA 156)
1 26690U 01004A   22296.67010308  .00000016  00000+0  00000+0 0  9999
2 26690  54.0712  81.8493 0000545 215.9897 156.7348  1.91595221158016
NAVSTAR 51 (USA 166)
1 27663U 03005A   22296.65475049 -.00000005  00000+0  00000+0 0  9997
2 27663  55.4314 267.9673 0127503  41.3018 140.2358  2.00557016144584
NAVSTAR 52 (USA 168)
1 27704U 03010A   22296.62963309 -.00000079  00000+0  00000+0 0  9998
2 27704  55.0639  18.1242 0246141 309.1799  69.9171  2.00561889143385
NAVSTAR 54 (USA 177)
1 28190U 04009A   22296.89632199 -.00000036  00000+0  00000+0 0  9999
2 28190  55.9222 328.9708 0088796 126.9783  23.4399  2.00557509136225
NAVSTAR 56 (USA 180)
1 28474U 04045A   22296.66780378 -.00000079  00000+0  00000+0 0  9999
2 28474  55.3896  18.3125 0203359 280.2827 285.6984  2.00421290131708
NAVSTAR 57 (USA 183)
1 28874U 05038A   22296.89313193 -.00000033  00000+0  00000+0 0  9998
2 28874  55.9834 326.4103 0140593 275.7815 260.4748  2.00567637125118
NAVSTAR 58 (USA 190)
1 29486U 06042A   22296.82030295  .00000022  00000+0  00000+0 0  9993
2 29486  54.7021 204.1744 0105455  24.6095  12.8187  2.00571542117673
NAVSTAR 59 (USA 192)
1 29601U 06052A   22296.21695546 -.00000006  00000+0  00000+0 0  9995
2 29601  55.4423 266.9281 0083262  75.0115 285.8913  2.00557921116675
NAVSTAR 60 (USA 196)
1 32260U 07047A   22296.52195554  .00000091  00000+0  00000+0 0  9996
2 32260  53.3492 135.2347 0144697  65.4928 296.1005  2.00568047110086
NAVSTAR 61 (USA 199)
1 32384U 07062A   22296.64319779 -.00000034  00000+0  00000+0 0  9998
2 32384  56.1065 327.1983 0020281 147.2286  68.0144  2.00569057108782
NAVSTAR 62 (USA 201)
1 32711U 08012A   22296.43834736  .00000018  00000+0  00000+0 0  9991
2 32711  54.4640 203.0953 0166109 232.1987 126.3341  2.00568630107026
NAVSTAR 63 (USA 203)
1 34661U 09014A   22294.86160310 -.00000007  00000+0  00000+0 0  9994
2 34661  54.9830 264.2395 0121687  55.5494 309.1197  2.00572987 99524
NAVSTAR 64 (USA 206)
1 35752U 09043A   22296.41823243  .00000015  00000+0  00000+0 0  9990
2 35752  55.1737  80.3812 0057611  64.1597 292.9738  2.00577711 96629
NAVSTAR 65 (USA 213)
1 36585U 10022A   22296.49801737 -.00000007  00000+0  00000+0 0  9998
2 36585  54.7296 262.3472 0104805  56.7649 120.3740  2.00571894 90869
NAVSTAR 66 (USA 232)
1 37753U 11036A   22296.60737059 -.00000077  00000+0  00000+0 0  9997
2 37753  56.6574  23.7223 0118268  53.4373 285.2473  2.00566093 82541
NAVSTAR 67 (USA 239)
1 38833U 12053A   22296.12256920  .00000020  00000+0  00000+0 0  9994
2 38833  53.5205 198.1256 0130891  48.0955 313.0685  2.00563388 72709
NAVSTAR 68 (USA 242)
1 39166U 13023A   22296.47936517 -.00000030  00000+0  00000+0 0  9999
2 39166  55.6068 322.7491 0105248  38.1992 322.6019  2.00565343 69159
NAVSTAR 69 (USA 248)
1 39533U 14008A   22296.48222243  .00000018  00000+0  00000+0 0  9991
2 39533  53.6124 203.6309 0060466 209.4917 150.2124  2.00560669 62954
NAVSTAR 70 (USA 251)
1 39741U 14026A   22295.76638300 -.00000080  00000+0  00000+0 0  9997
2 39741  56.6165  23.2805 0027284 304.5642  55.2098  2.00579474 61792
NAVSTAR 71 (USA 256)
1 40105U 14045A   22296.34998152  .00000093  00000+0  00000+0 0  9996
2 40105  54.7192 141.6969 0023890 111.6665 248.6847  2.00555977 59344
NAVSTAR 72 (USA 258)
1 40294U 14068A   22295.71877796  .00000024  00000+0  00000+0 0  9994
2 40294  55.9165  82.9126 0042611  58.6678 301.7538  2.00550377 58463
NAVSTAR 73 (USA 260)
1 40534U 15013A   22296.36208747 -.00000010  00000+0  00000+0 0  9994
2 40534  53.6296 259.3941 0072465  20.3928 339.8712  2.00574203 55095
NAVSTAR 74 (USA 262)
1 40730U 15033A   22296.51946629 -.00000030  00000+0  00000+0 0  9991
2 40730  55.1022 321.5147 0076267   7.5669 352.6047  2.00571542 53264
NAVSTAR 75 (USA 265)
1 41019U 15062A   22296.56992033  .00000021  00000+0  00000+0 0  9998
2 41019  55.9046  82.7246 0082190 217.6769 141.7482  2.00562487 51101
NAVSTAR 76 (USA 266)
1 41328U 16007A   22296.65747346  .00000094  00000+0  00000+0 0  9996
2 41328  54.9331 142.3870 0063207 229.6502 129.8921  2.00564848 49152
NAVSTAR 77 (USA 289)
1 43873U 18109A   22296.05282318  .00000092  00000+0  00000+0 0  9993
2 43873  55.1114 144.8579 0021116 187.5181 347.7775  2.00555523 28337
NAVSTAR 78 (USA 293)
1 44506U 19056A   22296.69431021 -.00000078  00000+0  00000+0 0  9991
2 44506  55.7322  23.9568 0029239 182.9731 355.7529  2.00558785 2334
IXPE                    
1 49954U 21121A   23310.65617566  .00010966  00000+0  89429-3 0  9995
2 49954   0.2297 248.8633 0009991 207.1220 264.1284 14.95382750104364
CASSIOPE                
1 39265U 13055A   23312.12987922  .00035676  00000+0  83339-3 0  9995
2 39265  80.9573  80.7550 0546425 230.9865 124.1477 14.57549126525881
AQUA                    
1 27424U 02022A   23312.44552215  .00002481  00000+0  54369-3 0  9998
2 27424  98.3023 256.4898 0002088  81.0361  27.9551 14.58538533144389
CXO                     
1 25867U 99040B   23313.38850794  .00000898  00000+0  00000+0 0  9999
2 25867  37.5986 178.2323 9037772 277.6394   0.0473  0.37818843 13726
